0 8.598126447973677 -0.3208414473982157 -15.196252895947353 -0.6416828947964314
0 8.598126447973677 -0.3208414473982157 -15.196252895947353 -0.6416828947964314
0 8.598126447973677 -0.3208414473982157 -15.196252895947353 -0.6416828947964314
0 8.598126447973677 -0.3208414473982157 -15.196252895947353 -0.6416828947964314
0 8.598126447973677 -0.3208414473982157 -15.196252895947353 -0.6416828947964314
0 8.598126447973677 -0.3208414473982157 -15.196252895947353 -0.6416828947964314
0 8.598126447973677 -0.3208414473982157 -15.196252895947353 -0.6416828947964314
0 8.598126447973677 -0.3208414473982157 -15.196252895947353 -0.6416828947964314
0 8.598126447973677 -0.3208414473982157 -15.196252895947353 -0.6416828947964314
0 8.598126447973677 -0.3208414473982157 -15.196252895947353 -0.6416828947964314
0 8.598126447973677 -0.3208414473982157 -15.196252895947353 -0.6416828947964314
0 8.598126447973677 -0.3208414473982157 -15.196252895947353 -0.6416828947964314
0 8.598126447973677 -0.3208414473982157 -15.196252895947353 -0.6416828947964314
0 8.598126447973677 -0.3208414473982157 -15.196252895947353 -0.6416828947964314
0 8.598126447973677 -0.3208414473982157 -15.196252895947353 -0.6416828947964314
0 8.598126447973677 -0.3208414473982157 -15.196252895947353 -0.6416828947964314
0 8.598126447973677 -0.3208414473982157 -15.196252895947353 -0.6416828947964314
0 8.598126447973677 -0.3208414473982157 -15.196252895947353 -0.6416828947964314
0 8.598126447973677 -0.3208414473982157 -15.196252895947353 -0.6416828947964314
0 8.598126447973677 -0.3208414473982157 -15.196252895947353 -0.6416828947964314
0 8.598126447973677 -0.3208414473982157 -15.196252895947353 -0.6416828947964314
0 8.598126447973677 -0.3208414473982157 -15.196252895947353 -0.6416828947964314
0 8.598126447973677 -0.3208414473982157 -15.196252895947353 -0.6416828947964314
0 8.598126447973677 -0.3208414473982157 -15.196252895947353 -0.6416828947964314
0 8.598126447973677 -0.3208414473982157 -15.196252895947353 -0.6416828947964314
0 8.598126447973677 -0.3208414473982157 -15.196252895947353 -0.6416828947964314
0 8.598126447973677 -0.3208414473982157 -15.196252895947353 -0.6416828947964314
0 8.598126447973677 -0.3208414473982157 -15.196252895947353 -0.6416828947964314
0 8.598126447973677 -0.3208414473982157 -15.196252895947353 -0.6416828947964314
0 8.598126447973677 -0.3208414473982157 -15.196252895947353 -0.6416828947964314
0 8.598126447973677 -0.3208414473982157 -15.196252895947353 -0.6416828947964314
