0 11.701650343962859 -1.0280112044817926 -21.403300687925718 -2.0560224089635852
0 11.701650343962859 -1.0280112044817926 -21.403300687925718 -2.0560224089635852
0 11.701650343962859 -1.0280112044817926 -21.403300687925718 -2.0560224089635852
0 11.701650343962859 -1.0280112044817926 -21.403300687925718 -2.0560224089635852
0 11.701650343962859 -1.0280112044817926 -21.403300687925718 -2.0560224089635852
0 11.701650343962859 -1.0280112044817926 -21.403300687925718 -2.0560224089635852
0 11.701650343962859 -1.0280112044817926 -21.403300687925718 -2.0560224089635852
0 11.701650343962859 -1.0280112044817926 -21.403300687925718 -2.0560224089635852
0 11.701650343962859 -1.0280112044817926 -21.403300687925718 -2.0560224089635852
0 11.701650343962859 -1.0280112044817926 -21.403300687925718 -2.0560224089635852
0 11.701650343962859 -1.0280112044817926 -21.403300687925718 -2.0560224089635852
0 11.701650343962859 -1.0280112044817926 -21.403300687925718 -2.0560224089635852
0 11.701650343962859 -1.0280112044817926 -21.403300687925718 -2.0560224089635852
0 11.701650343962859 -1.0280112044817926 -21.403300687925718 -2.0560224089635852
0 11.701650343962859 -1.0280112044817926 -21.403300687925718 -2.0560224089635852
0 11.701650343962859 -1.0280112044817926 -21.403300687925718 -2.0560224089635852
0 11.701650343962859 -1.0280112044817926 -21.403300687925718 -2.0560224089635852
0 11.701650343962859 -1.0280112044817926 -21.403300687925718 -2.0560224089635852
0 11.701650343962859 -1.0280112044817926 -21.403300687925718 -2.0560224089635852
0 11.701650343962859 -1.0280112044817926 -21.403300687925718 -2.0560224089635852
0 11.701650343962859 -1.0280112044817926 -21.403300687925718 -2.0560224089635852
0 11.701650343962859 -1.0280112044817926 -21.403300687925718 -2.0560224089635852
0 11.701650343962859 -1.0280112044817926 -21.403300687925718 -2.0560224089635852
0 11.701650343962859 -1.0280112044817926 -21.403300687925718 -2.0560224089635852
0 11.701650343962859 -1.0280112044817926 -21.403300687925718 -2.0560224089635852
0 11.701650343962859 -1.0280112044817926 -21.403300687925718 -2.0560224089635852
0 11.701650343962859 -1.0280112044817926 -21.403300687925718 -2.0560224089635852
0 11.701650343962859 -1.0280112044817926 -21.403300687925718 -2.0560224089635852
0 11.701650343962859 -1.0280112044817926 -21.403300687925718 -2.0560224089635852
0 11.701650343962859 -1.0280112044817926 -21.403300687925718 -2.0560224089635852
0 11.701650343962859 -1.0280112044817926 -21.403300687925718 -2.0560224089635852
0 11.701650343962859 -1.0280112044817926 -21.403300687925718 -2.0560224089635852
0 11.701650343962859 -1.0280112044817926 -21.403300687925718 -2.0560224089635852
0 11.701650343962859 -1.0280112044817926 -21.403300687925718 -2.0560224089635852
0 11.701650343962859 -1.0280112044817926 -21.403300687925718 -2.0560224089635852
0 11.701650343962859 -1.0280112044817926 -21.403300687925718 -2.0560224089635852
0 11.701650343962859 -1.0280112044817926 -21.403300687925718 -2.0560224089635852
0 11.701650343962859 -1.0280112044817926 -21.403300687925718 -2.0560224089635852
0 11.701650343962859 -1.0280112044817926 -21.403300687925718 -2.0560224089635852
0 11.701650343962859 -1.0280112044817926 -21.403300687925718 -2.0560224089635852
0 11.701650343962859 -1.0280112044817926 -21.403300687925718 -2.0560224089635852
0 11.701650343962859 -1.0280112044817926 -21.403300687925718 -2.0560224089635852
0 11.701650343962859 -1.0280112044817926 -21.403300687925718 -2.0560224089635852
0 11.701650343962859 -1.0280112044817926 -21.403300687925718 -2.0560224089635852
0 11.701650343962859 -1.0280112044817926 -21.403300687925718 -2.0560224089635852
0 11.701650343962859 -1.0280112044817926 -21.403300687925718 -2.0560224089635852
0 11.701650343962859 -1.0280112044817926 -21.403300687925718 -2.0560224089635852
0 11.701650343962859 -1.0280112044817926 -21.403300687925718 -2.0560224089635852
0 11.701650343962859 -1.0280112044817926 -21.403300687925718 -2.0560224089635852
0 11.701650343962859 -1.0280112044817926 -21.403300687925718 -2.0560224089635852
0 11.701650343962859 -1.0280112044817926 -21.403300687925718 -2.0560224089635852
0 11.701650343962859 -1.0280112044817926 -21.403300687925718 -2.0560224089635852
0 11.701650343962859 -1.0280112044817926 -21.403300687925718 -2.0560224089635852
0 11.701650343962859 -1.0280112044817926 -21.403300687925718 -2.0560224089635852
0 11.701650343962859 -1.0280112044817926 -21.403300687925718 -2.0560224089635852
0 11.701650343962859 -1.0280112044817926 -21.403300687925718 -2.0560224089635852
0 11.701650343962859 -1.0280112044817926 -21.403300687925718 -2.0560224089635852
0 11.701650343962859 -1.0280112044817926 -21.403300687925718 -2.0560224089635852
0 11.701650343962859 -1.0280112044817926 -21.403300687925718 -2.0560224089635852
0 11.701650343962859 -1.0280112044817926 -21.403300687925718 -2.0560224089635852
0 11.701650343962859 -1.0280112044817926 -21.403300687925718 -2.0560224089635852
0 11.701650343962859 -1.0280112044817926 -21.403300687925718 -2.0560224089635852
0 11.701650343962859 -1.0280112044817926 -21.403300687925718 -2.0560224089635852
0 11.701650343962859 -1.0280112044817926 -21.403300687925718 -2.0560224089635852
0 11.701650343962859 -1.0280112044817926 -21.403300687925718 -2.0560224089635852
0 11.701650343962859 -1.0280112044817926 -21.403300687925718 -2.0560224089635852
0 11.701650343962859 -1.0280112044817926 -21.403300687925718 -2.0560224089635852
0 11.701650343962859 -1.0280112044817926 -21.403300687925718 -2.0560224089635852
0 11.701650343962859 -1.0280112044817926 -21.403300687925718 -2.0560224089635852
0 11.701650343962859 -1.0280112044817926 -21.403300687925718 -2.0560224089635852
0 11.701650343962859 -1.0280112044817926 -21.403300687925718 -2.0560224089635852
0 11.701650343962859 -1.0280112044817926 -21.403300687925718 -2.0560224089635852
0 11.701650343962859 -1.0280112044817926 -21.403300687925718 -2.0560224089635852
0 11.701650343962859 -1.0280112044817926 -21.403300687925718 -2.0560224089635852
0 11.701650343962859 -1.0280112044817926 -21.403300687925718 -2.0560224089635852
0 11.701650343962859 -1.0280112044817926 -21.403300687925718 -2.0560224089635852
0 11.701650343962859 -1.0280112044817926 -21.403300687925718 -2.0560224089635852
0 11.701650343962859 -1.0280112044817926 -21.403300687925718 -2.0560224089635852
0 11.701650343962859 -1.0280112044817926 -21.403300687925718 -2.0560224089635852
0 11.701650343962859 -1.0280112044817926 -21.403300687925718 -2.0560224089635852
0 11.701650343962859 -1.0280112044817926 -21.403300687925718 -2.0560224089635852
0 11.701650343962859 -1.0280112044817926 -21.403300687925718 -2.0560224089635852
0 11.701650343962859 -1.0280112044817926 -21.403300687925718 -2.0560224089635852
0 11.701650343962859 -1.0280112044817926 -21.403300687925718 -2.0560224089635852
0 11.701650343962859 -1.0280112044817926 -21.403300687925718 -2.0560224089635852
0 11.701650343962859 -1.0280112044817926 -21.403300687925718 -2.0560224089635852
0 11.701650343962859 -1.0280112044817926 -21.403300687925718 -2.0560224089635852
0 11.701650343962859 -1.0280112044817926 -21.403300687925718 -2.0560224089635852
0 11.701650343962859 -1.0280112044817926 -21.403300687925718 -2.0560224089635852
0 11.701650343962859 -1.0280112044817926 -21.403300687925718 -2.0560224089635852
