0 8.849801306661279 -0.5288399520869805 -15.699602613322558 -1.057679904173961
0 8.849801306661279 -0.5288399520869805 -15.699602613322558 -1.057679904173961
0 8.849801306661279 -0.5288399520869805 -15.699602613322558 -1.057679904173961
0 8.849801306661279 -0.5288399520869805 -15.699602613322558 -1.057679904173961
0 8.849801306661279 -0.5288399520869805 -15.699602613322558 -1.057679904173961
0 8.849801306661279 -0.5288399520869805 -15.699602613322558 -1.057679904173961
0 8.849801306661279 -0.5288399520869805 -15.699602613322558 -1.057679904173961
0 8.849801306661279 -0.5288399520869805 -15.699602613322558 -1.057679904173961
0 8.849801306661279 -0.5288399520869805 -15.699602613322558 -1.057679904173961
0 8.849801306661279 -0.5288399520869805 -15.699602613322558 -1.057679904173961
0 8.849801306661279 -0.5288399520869805 -15.699602613322558 -1.057679904173961
0 8.849801306661279 -0.5288399520869805 -15.699602613322558 -1.057679904173961
0 8.849801306661279 -0.5288399520869805 -15.699602613322558 -1.057679904173961
0 8.849801306661279 -0.5288399520869805 -15.699602613322558 -1.057679904173961
0 8.849801306661279 -0.5288399520869805 -15.699602613322558 -1.057679904173961
0 8.849801306661279 -0.5288399520869805 -15.699602613322558 -1.057679904173961
0 8.849801306661279 -0.5288399520869805 -15.699602613322558 -1.057679904173961
0 8.849801306661279 -0.5288399520869805 -15.699602613322558 -1.057679904173961
0 8.849801306661279 -0.5288399520869805 -15.699602613322558 -1.057679904173961
0 8.849801306661279 -0.5288399520869805 -15.699602613322558 -1.057679904173961
0 8.849801306661279 -0.5288399520869805 -15.699602613322558 -1.057679904173961
0 8.849801306661279 -0.5288399520869805 -15.699602613322558 -1.057679904173961
0 8.849801306661279 -0.5288399520869805 -15.699602613322558 -1.057679904173961
0 8.849801306661279 -0.5288399520869805 -15.699602613322558 -1.057679904173961
0 8.849801306661279 -0.5288399520869805 -15.699602613322558 -1.057679904173961
0 8.849801306661279 -0.5288399520869805 -15.699602613322558 -1.057679904173961
0 8.849801306661279 -0.5288399520869805 -15.699602613322558 -1.057679904173961
0 8.849801306661279 -0.5288399520869805 -15.699602613322558 -1.057679904173961
0 8.849801306661279 -0.5288399520869805 -15.699602613322558 -1.057679904173961
0 8.849801306661279 -0.5288399520869805 -15.699602613322558 -1.057679904173961
0 8.849801306661279 -0.5288399520869805 -15.699602613322558 -1.057679904173961
0 8.849801306661279 -0.5288399520869805 -15.699602613322558 -1.057679904173961
0 8.849801306661279 -0.5288399520869805 -15.699602613322558 -1.057679904173961
0 8.849801306661279 -0.5288399520869805 -15.699602613322558 -1.057679904173961
0 8.849801306661279 -0.5288399520869805 -15.699602613322558 -1.057679904173961
0 8.849801306661279 -0.5288399520869805 -15.699602613322558 -1.057679904173961
0 8.849801306661279 -0.5288399520869805 -15.699602613322558 -1.057679904173961
0 8.849801306661279 -0.5288399520869805 -15.699602613322558 -1.057679904173961
0 8.849801306661279 -0.5288399520869805 -15.699602613322558 -1.057679904173961
0 8.849801306661279 -0.5288399520869805 -15.699602613322558 -1.057679904173961
0 8.849801306661279 -0.5288399520869805 -15.699602613322558 -1.057679904173961
0 8.849801306661279 -0.5288399520869805 -15.699602613322558 -1.057679904173961
0 8.849801306661279 -0.5288399520869805 -15.699602613322558 -1.057679904173961
0 8.849801306661279 -0.5288399520869805 -15.699602613322558 -1.057679904173961
0 8.849801306661279 -0.5288399520869805 -15.699602613322558 -1.057679904173961
0 8.849801306661279 -0.5288399520869805 -15.699602613322558 -1.057679904173961
0 8.849801306661279 -0.5288399520869805 -15.699602613322558 -1.057679904173961
0 8.849801306661279 -0.5288399520869805 -15.699602613322558 -1.057679904173961
0 8.849801306661279 -0.5288399520869805 -15.699602613322558 -1.057679904173961
0 8.849801306661279 -0.5288399520869805 -15.699602613322558 -1.057679904173961
0 8.849801306661279 -0.5288399520869805 -15.699602613322558 -1.057679904173961
0 8.849801306661279 -0.5288399520869805 -15.699602613322558 -1.057679904173961
0 8.849801306661279 -0.5288399520869805 -15.699602613322558 -1.057679904173961
0 8.849801306661279 -0.5288399520869805 -15.699602613322558 -1.057679904173961
0 8.849801306661279 -0.5288399520869805 -15.699602613322558 -1.057679904173961
0 8.849801306661279 -0.5288399520869805 -15.699602613322558 -1.057679904173961
0 8.849801306661279 -0.5288399520869805 -15.699602613322558 -1.057679904173961
0 8.849801306661279 -0.5288399520869805 -15.699602613322558 -1.057679904173961
0 8.849801306661279 -0.5288399520869805 -15.699602613322558 -1.057679904173961
0 8.849801306661279 -0.5288399520869805 -15.699602613322558 -1.057679904173961
0 8.849801306661279 -0.5288399520869805 -15.699602613322558 -1.057679904173961
0 8.849801306661279 -0.5288399520869805 -15.699602613322558 -1.057679904173961
0 8.849801306661279 -0.5288399520869805 -15.699602613322558 -1.057679904173961
0 8.849801306661279 -0.5288399520869805 -15.699602613322558 -1.057679904173961
0 8.849801306661279 -0.5288399520869805 -15.699602613322558 -1.057679904173961
0 8.849801306661279 -0.5288399520869805 -15.699602613322558 -1.057679904173961
0 8.849801306661279 -0.5288399520869805 -15.699602613322558 -1.057679904173961
0 8.849801306661279 -0.5288399520869805 -15.699602613322558 -1.057679904173961
0 8.849801306661279 -0.5288399520869805 -15.699602613322558 -1.057679904173961
0 8.849801306661279 -0.5288399520869805 -15.699602613322558 -1.057679904173961
0 8.849801306661279 -0.5288399520869805 -15.699602613322558 -1.057679904173961
0 8.849801306661279 -0.5288399520869805 -15.699602613322558 -1.057679904173961
0 8.849801306661279 -0.5288399520869805 -15.699602613322558 -1.057679904173961
0 8.849801306661279 -0.5288399520869805 -15.699602613322558 -1.057679904173961
0 8.849801306661279 -0.5288399520869805 -15.699602613322558 -1.057679904173961
0 8.849801306661279 -0.5288399520869805 -15.699602613322558 -1.057679904173961
0 8.849801306661279 -0.5288399520869805 -15.699602613322558 -1.057679904173961
0 8.849801306661279 -0.5288399520869805 -15.699602613322558 -1.057679904173961
0 8.849801306661279 -0.5288399520869805 -15.699602613322558 -1.057679904173961
0 8.849801306661279 -0.5288399520869805 -15.699602613322558 -1.057679904173961
0 8.849801306661279 -0.5288399520869805 -15.699602613322558 -1.057679904173961
0 8.849801306661279 -0.5288399520869805 -15.699602613322558 -1.057679904173961
0 8.849801306661279 -0.5288399520869805 -15.699602613322558 -1.057679904173961
